Bahnhof: 46,853450, 9.527022
Plessur: 46,852157, 9.520158

Breite: 0,001293
Höhe prop
